%YAML:1.0
---
R: !!opencv-matrix
   rows: 3
   cols: 3
   dt: d
   data: [ 9.9990752593011323e-01, -6.0424766272817077e-04,
       1.3585818822652600e-02, 5.9117757380828802e-04,
       9.9999935864298461e-01, 9.6603452092234047e-04,
       -1.3586393833393771e-02, -9.5791355636876358e-04,
       9.9990724185007407e-01 ]
T: !!opencv-matrix
   rows: 3
   cols: 1
   dt: d
   data: [ -1.1966073932600617e+02, 3.6681536506254064e-01,
       6.9241238027724317e-01 ]
R1: !!opencv-matrix
   rows: 3
   cols: 3
   dt: d
   data: [ 9.9996289178135145e-01, -3.6640855043364715e-03,
       7.7967645657755109e-03, 3.6602468861788727e-03,
       9.9999317297807133e-01, 5.0654711630176497e-04,
       -7.7985673690389541e-03, -4.7799023601647066e-04,
       9.9996947647031942e-01 ]
R2: !!opencv-matrix
   rows: 3
   cols: 3
   dt: d
   data: [ 9.9997856058890822e-01, -3.0653955743661699e-03,
       -5.7863384370184911e-03, 3.0625467280839154e-03,
       9.9999518482330907e-01, -5.0113644246606618e-04,
       5.7878467562094129e-03, 4.8340476654798329e-04,
       9.9998313343263856e-01 ]
P1: !!opencv-matrix
   rows: 3
   cols: 4
   dt: d
   data: [ 3.0788227629590142e+02, 0., 3.7580257893694647e+02, 0., 0.,
       3.0788227629590142e+02, 2.4430930107634350e+02, 0., 0., 0., 1.,
       0. ]
P2: !!opencv-matrix
   rows: 3
   cols: 4
   dt: d
   data: [ 3.0788227629590142e+02, 0., 3.7580257893694647e+02,
       -3.6842210682241610e+04, 0., 3.0788227629590142e+02,
       2.4430930107634350e+02, 0., 0., 0., 1., 0. ]
Q: !!opencv-matrix
   rows: 4
   cols: 4
   dt: d
   data: [ 1., 0., 0., -3.7580257893694647e+02, 0., 1., 0.,
       -2.4430930107634350e+02, 0., 0., 0., 3.0788227629590142e+02, 0.,
       0., 8.3567807304327814e-03, 0. ]
