%YAML:1.0
---
R: !!opencv-matrix
   rows: 3
   cols: 3
   dt: d
   data: [ 9.9992302252578724e-01, -1.9060030613393350e-03,
       -1.2260349718666621e-02, 1.8781949835604186e-03,
       9.9999563870284036e-01, -2.2792452483255017e-03,
       1.2264640496059071e-02, 2.2560424704448677e-03,
       9.9992224140973773e-01 ]
T: !!opencv-matrix
   rows: 3
   cols: 1
   dt: d
   data: [ -1.2042254843621150e+02, -3.0150426572441430e-01,
       -8.2163844452650070e-01 ]
R1: !!opencv-matrix
   rows: 3
   cols: 3
   dt: d
   data: [ 9.9998499620820613e-01, 6.1308207751295345e-04,
       -5.4434813162218708e-03, -6.1922950851276803e-04,
       9.9999917241643776e-01, -1.1277061919093233e-03,
       5.4427854348312521e-03, 1.1310600363004576e-03,
       9.9998454827557437e-01 ]
R2: !!opencv-matrix
   rows: 3
   cols: 3
   dt: d
   data: [ 9.9997359033725486e-01, 2.5036532361172349e-03,
       6.8227815803569881e-03, -2.5113572534581569e-03,
       9.9999621840811037e-01, 1.1208274730080828e-03,
       -6.8199496160515731e-03, -1.1379323143431155e-03,
       9.9997609641295049e-01 ]
P1: !!opencv-matrix
   rows: 3
   cols: 4
   dt: d
   data: [ 3.0483834234277924e+02, 0., 4.0712394100635686e+02, 0., 0.,
       3.0483834234277924e+02, 2.3480691787540025e+02, 0., 0., 0., 1.,
       0. ]
P2: !!opencv-matrix
   rows: 3
   cols: 4
   dt: d
   data: [ 3.0483834234277924e+02, 0., 4.0712394100635686e+02,
       -3.6710379554731051e+04, 0., 3.0483834234277924e+02,
       2.3480691787540025e+02, 0., 0., 0., 1., 0. ]
Q: !!opencv-matrix
   rows: 4
   cols: 4
   dt: d
   data: [ 1., 0., 0., -4.0712394100635686e+02, 0., 1., 0.,
       -2.3480691787540025e+02, 0., 0., 0., 3.0483834234277924e+02, 0.,
       0., 8.3038733469998471e-03, 0. ]
