%YAML:1.0
---
R: !!opencv-matrix
   rows: 3
   cols: 3
   dt: d
   data: [ 9.9992293240315100e-01, -1.6422112585791199e-03,
       -1.2305787112800842e-02, 1.6146251426264727e-03,
       9.9999616226747567e-01, -2.2513187178257719e-03,
       1.2309437027426469e-02, 2.2312759808302998e-03,
       9.9992174652197918e-01 ]
T: !!opencv-matrix
   rows: 3
   cols: 1
   dt: d
   data: [ -1.2027414951626375e+02, -3.0260533073371948e-01,
       -7.5047449955073509e-01 ]
R1: !!opencv-matrix
   rows: 3
   cols: 3
   dt: d
   data: [ 9.9998117064800629e-01, 8.8764465959076725e-04,
       -6.0721031283471850e-03, -8.9441734512514775e-04,
       9.9999898089905914e-01, -1.1127526479794197e-03,
       6.0711092113157486e-03, 1.1181626899275153e-03,
       9.9998094549103433e-01 ]
R2: !!opencv-matrix
   rows: 3
   cols: 3
   dt: d
   data: [ 9.9997736881066113e-01, 2.5159062327580386e-03,
       6.2395578637484848e-03, -2.5228647023339042e-03,
       9.9999620418257718e-01, 1.1075983617333059e-03,
       -6.2367475659043606e-03, -1.1233148557576872e-03,
       9.9997992037017125e-01 ]
P1: !!opencv-matrix
   rows: 3
   cols: 4
   dt: d
   data: [ 3.0605886614734322e+02, 0., 4.0384914937890289e+02, 0., 0.,
       3.0605886614734322e+02, 2.3521871318503190e+02, 0., 0., 0., 1.,
       0. ]
P2: !!opencv-matrix
   rows: 3
   cols: 4
   dt: d
   data: [ 3.0605886614734322e+02, 0., 4.0384914937890289e+02,
       -3.6811802922665571e+04, 0., 3.0605886614734322e+02,
       2.3521871318503190e+02, 0., 0., 0., 1., 0. ]
Q: !!opencv-matrix
   rows: 4
   cols: 4
   dt: d
   data: [ 1., 0., 0., -4.0384914937890289e+02, 0., 1., 0.,
       -2.3521871318503190e+02, 0., 0., 0., 3.0605886614734322e+02, 0.,
       0., 8.3141504041601370e-03, 0. ]
