%YAML:1.0
---
R: !!opencv-matrix
   rows: 3
   cols: 3
   dt: d
   data: [ 9.9998308755043197e-01, -5.4433451098753098e-03,
       -2.0480740025299662e-03, 5.4314300644049711e-03,
       9.9996855115738847e-01, -5.7789500472666859e-03,
       2.0794664124530538e-03, 5.7677283403539713e-03,
       9.9998120438797811e-01 ]
T: !!opencv-matrix
   rows: 3
   cols: 1
   dt: d
   data: [ -1.2006399127573071e+02, -5.9553946397632118e-02,
       1.5378350158021134e-01 ]
R1: !!opencv-matrix
   rows: 3
   cols: 3
   dt: d
   data: [ 9.9998217487971908e-01, -4.9547252283659981e-03,
       -3.3317594058251340e-03, 4.9450934362659273e-03,
       9.9998358830210932e-01, -2.8929530490558928e-03,
       3.3460385134529355e-03, 2.8764256202508708e-03,
       9.9999026505357425e-01 ]
R2: !!opencv-matrix
   rows: 3
   cols: 3
   dt: d
   data: [ 9.9999905670078193e-01, 4.9601791168955953e-04,
       -1.2808449467740534e-03, -4.9232099078206455e-04,
       9.9999571713594737e-01, 2.8850181636081293e-03,
       1.2822704817739517e-03, -2.8843848553195095e-03,
       9.9999501804079904e-01 ]
P1: !!opencv-matrix
   rows: 3
   cols: 4
   dt: d
   data: [ 3.0538266499637734e+02, 0., 3.8508162553219563e+02, 0., 0.,
       3.0538266499637734e+02, 2.3513107581500662e+02, 0., 0., 0., 1.,
       0. ]
P2: !!opencv-matrix
   rows: 3
   cols: 4
   dt: d
   data: [ 3.0538266499637734e+02, 0., 3.8508162553219563e+02,
       -3.6665496212418358e+04, 0., 3.0538266499637734e+02,
       2.3513107581500662e+02, 0., 0., 0., 1., 0. ]
Q: !!opencv-matrix
   rows: 4
   cols: 4
   dt: d
   data: [ 1., 0., 0., -3.8508162553219563e+02, 0., 1., 0.,
       -2.3513107581500662e+02, 0., 0., 0., 3.0538266499637734e+02, 0.,
       0., 8.3288840065649048e-03, 0. ]
