%YAML:1.0
---
M1: !!opencv-matrix
   rows: 3
   cols: 3
   dt: d
   data: [ 3.6698117815508454e+02, 0., 3.6874113981490524e+02, 0.,
       3.6688025597205058e+02, 2.5296544515773826e+02, 0., 0., 1. ]
D1: !!opencv-matrix
   rows: 4
   cols: 1
   dt: d
   data: [ -1.8512720744681133e-02, -1.5577259981082338e-02,
       1.9795118502275562e-02, -1.1014045998179957e-02 ]
M2: !!opencv-matrix
   rows: 3
   cols: 3
   dt: d
   data: [ 3.6650961155393361e+02, 0., 3.8398784962559239e+02, 0.,
       3.6642192414885938e+02, 2.3308597250928261e+02, 0., 0., 1. ]
D2: !!opencv-matrix
   rows: 4
   cols: 1
   dt: d
   data: [ -2.1809555425286183e-02, -6.9998795733520096e-03,
       6.4378190024246187e-03, -2.6655164007729480e-03 ]
