%YAML:1.0
---
M1: !!opencv-matrix
   rows: 3
   cols: 3
   dt: d
   data: [ 3.6389055885584037e+02, 0., 3.8575665548117576e+02, 0.,
       3.6389106568198576e+02, 2.3928264773121046e+02, 0., 0., 1. ]
D1: !!opencv-matrix
   rows: 4
   cols: 1
   dt: d
   data: [ -1.9999731736073709e-02, -1.2218853033449823e-02,
       1.8398645637088450e-02, -1.2312755172117123e-02 ]
M2: !!opencv-matrix
   rows: 3
   cols: 3
   dt: d
   data: [ 3.6608707088309507e+02, 0., 3.7136525474139387e+02, 0.,
       3.6604112958185721e+02, 2.3378627901248655e+02, 0., 0., 1. ]
D2: !!opencv-matrix
   rows: 4
   cols: 1
   dt: d
   data: [ -1.9391146531354306e-02, -5.8908201928704919e-03,
       -1.9389390313359649e-04, 9.6099298343147463e-04 ]
