%YAML:1.0
---
M1: !!opencv-matrix
   rows: 3
   cols: 3
   dt: d
   data: [ 3.6547908250778994e+02, 0., 3.9675492616919308e+02, 0.,
       3.6522327105473659e+02, 2.4240053873529769e+02, 0., 0., 1. ]
D1: !!opencv-matrix
   rows: 4
   cols: 1
   dt: d
   data: [ -2.3119145670867900e-02, 3.3114456378023735e-03,
       -4.0262991018565550e-03, -2.2337923899449245e-03 ]
M2: !!opencv-matrix
   rows: 3
   cols: 3
   dt: d
   data: [ 3.6730528911472180e+02, 0., 3.7684494856693681e+02, 0.,
       3.6717041422359074e+02, 2.3083157371684774e+02, 0., 0., 1. ]
D2: !!opencv-matrix
   rows: 4
   cols: 1
   dt: d
   data: [ -2.2019446238463872e-02, -2.6495033609919938e-04,
       -2.7813867170288402e-03, 1.0332403903867418e-03 ]
