%YAML:1.0
---
M1: !!opencv-matrix
   rows: 3
   cols: 3
   dt: d
   data: [ 3.6373235702531656e+02, 0., 3.9714713466384359e+02, 0.,
       3.6365193823044461e+02, 2.4212872510523661e+02, 0., 0., 1. ]
D1: !!opencv-matrix
   rows: 4
   cols: 1
   dt: d
   data: [ -1.8117874485632530e-02, -1.1547602580649574e-02,
       2.4758475077760890e-02, -1.9028453465795184e-02 ]
M2: !!opencv-matrix
   rows: 3
   cols: 3
   dt: d
   data: [ 3.6539728922295018e+02, 0., 3.7790620506251491e+02, 0.,
       3.6517726421737086e+02, 2.3050413837069704e+02, 0., 0., 1. ]
D2: !!opencv-matrix
   rows: 4
   cols: 1
   dt: d
   data: [ -7.5124341867395241e-03, -3.7667117506303603e-02,
       4.2392332346893276e-02, -1.7512131566209486e-02 ]
